1041609146787717120
1041609173442584576
1041609174638096385
1041609182036852736
1041609184381300736
1041609185807491072
1041609187564765184
1041609191918456832
1041609196398161920
1041609200764379136
1041609209702305792
1041609210381778944
1041609211665215489
1041609211891859456
1041609223862407170
1041609239050047489
1041609259816034304
1041609265629339648
1041609269421006849
1041609269286625281
1041609283530502144
1041609284776128512
1041609298130792448
1041609301666750464
1041609326710939653
1041609328359301120
1041609327818104833
1041609332226486273
1041609338555645952
1041609340606545920
1041609355022352384
1041609355576074240
1041609363507617793
1041609366078541824
1041609375918391296
1041609387381547009
1041609394629169152
1041609405123448832
1041609406323011584
1041609413339971591
1041609420487225345
1041609422668214272
1041609432260661249
1041609436064886784
1041609445581582341
1041609459720699904
1041609457279684608
1041609470428803073
1041609472668585984
1041609479987634176
1041609480411070470
1041609488451678209
1041609489068314624
1041609507208683521
1041609513260859392
1041609513428758528
1041609514384908289
1041609536329510913
1041609542591803393
1041609581808570368
1041609581774819329
1041609586615246848
1041609588934471680
1041609590058770432
1041609620496633857
1041609636707807233
1041609642474975232
1041609645046067200
1041609645993779205
1041609651060658177
1041609655338725376
1041609658912448512
1041609661659705345
1041609662251102208
1041609680185786368
1041609690386493442
1041609703640449025
1041609706853359617
1041609707889278976
1041609712150687745
1041609716885934082
1041609727686324224
1041609731519995904
1041609741519138817
1041609748670541824
1041609756459319296
1041609759558914048
1041609762331389952
1041609770451398656
1041609774020866048
1041609784536051712
1041609784917716993
1041609794484879360
1041609808380665856
1041609827003322368
1041609833655492609
1041609834045599744
1041609847681179650
1041609863841759233
1041609869197897729
1041609878135926786
1041609882800152576
1041609895726899200
1041609900726480897
1041609901343006725
1041609904862027776
1041609907286401024
1041609907697594368
1041609909002006528
1041609946914271232
1041609948579483648
1041609981177413632
1041609985405403138
1041609986219106304
1041609990757179392
1041610022831226880
1041610039344025600
1041610045199396864
1041610059602690048
1041610060328136707
1041610074777542656
1041610089168351233
1041610091055771648
1041610100136280064
1041610103512809474
1041610111633027072
1041610119006576640
1041610121032265729
1041610135917998080
1041610150715564032
1041610157094920192
1041610159699705856
1041610160752480257
1041610161188757504
1041610162216296448
1041610188413796352
1041610207737118720
1041610224761630721
1041610227072880640
1041610232257019904
1041610239508918272
1041610241924718593
1041610245796253698
1041610248929329153
1041610249055162368
1041610267535257601
1041610277421285376
1041610282219462656
1041610299210530817
1041610300577837056
1041610323466309632
1041610326079205376
1041610341359263744
1041610345096380416
1041610349353418752
1041610353895989248
1041610364713021440
1041610391862702080
1041610414096703489
1041610415443079169
1041610420228902913
1041610421050830848
1041610424376946688
1041610446527193090
1041610450813644800
1041610459147853824
1041610469067423744
1041610487929229312
1041610505276858374
1041610509039087616
1041610510612013056
1041610511371182080
1041610531214254080
1041610537451368448
1041610550801661952
1041610554467602432
1041610563187630080
1041610566480146433
1041610566257659906
1041610589896957952
1041610596943314944
1041610612785246209
1041610613557010432
1041610627914063873
1041610631999176705
1041610653394497536
1041610654157885440
1041610658884853760
1041610667181015041
1041610676492353536
1041610682947592192
1041610687620042752
1041610693747851266
1041610698382618624
1041610705013596160
1041610714597806080
1041610722168504321
1041610721639858177
1041610722801672193
1041610734969479168
1041610737615945729
1041610730905100288
1041610748189978624
1041610754284302337
1041610759506194433
1041610767454412800
1041610776367300608
1041610787314380800
1041610788228751360
1041610800031395840
1041610803844186112
1041610813428006912
1041610868096737282
1041610874480320512
1041610877055770624
1041610891798749184
1041610903781687297
1041610938607169536
1041610962426621954
1041610969665941504
1041610974623481856
1041610981586165760
1041610992281702401
1041610997201428482
1041611007678984192
1041611018814795776
1041611028029734913
1041611036527419392
1041611060036329472
1041611091153870848
1041611095742599168
1041611111114649600
1041611130613846018
1041611144958377984
1041611156878778368
1041611162968903680
1041611165510656000
1041611173102157826
1041611173819441153
1041611178198413314
1041611183654989824
1041611206799360001
1041611207483056128
1041611212172288000
1041611212587511809
1041611215053582336
1041611216978948096
1041611219692662785
1041611222913888256
1041611230836875264
1041611231143059456
1041611232955052032
1041611233399435264
1041611234314002432
1041611235886878720
1041611249325268992
1041611267788742657
1041611275032190977
1041611279134208000
1041611280715403264
1041611286814056448
1041611303905894400
1041611307303272448
1041611333282672640
1041611349564911616
1041611360239464454
1041611367319363584
1041611368581935104
1041611372348538882
1041611375313866752
1041611387674525697
1041611390426013696
1041611391638097920
1041611411510587392
1041611413452668928
1041611428111757312
1041611431165063168
1041611436894695424
1041611457635467264
1041611461683027968
1041611463725641728
1041611467173388288
1041611466749562880
1041611470126100480
1041611476962828293
1041611473116553216
1041611478086770688
1041611490145521664
1041611490460090368
1041611488916590592
1041611492460843009
1041611498777395200
1041611513251815424
1041611513864368129
1041611517756682241
1041611522248605696
1041611540137484290
1041611548622565376
1041611551948587008
1041611555345821698
1041611556172259328
1041611559225647104
1041611563449438208
1041611572269899776
1041611573847044096
1041611574266486784
1041611575260585985
1041611581958709248
1041611589911293952
1041611594512445440
1041611603366604800
1041611603664404482
1041611609745965056
1041611610865819648
1041611613306929152
1041611624673669120
1041611627043414017
1041611641563996161
1041611646139957248
1041611650237837312
1041611659951988736
1041611663596826626
1041611682370342912
1041611689236590592
1041611690616520704
1041611692558508032
1041611706164817926
1041611711206195200
1041611728021143558
1041611728272809984
1041611741589696512
1041611744479653888
1041611754067775490
1041611760308912129
1041611762020352000
1041611772556455936
1041611784572919808
1041611785256689665
1041611785630109696
1041611792601030656
1041611792919797760
1041611802281484288
1041611804412194822
1041611806635171840
1041611807054430208
1041611810468585472
1041611822661623808
1041611823106142208
1041611843108777984
1041611843884728320
1041611848934674432
1041611851656777728
1041611870111707142
1041611873400090624
1041611876818272256
1041611878571618304
1041611884326150144
1041611913585516544
1041611916068757504
1041611926801854467
1041611928739577857
1041611930316812289
1041611933475131392
1041611934624296960
1041611947693756416
1041611948880617472
1041611955717500929
1041611959416705024
1041611975409717249
1041611974553960448
1041611983215308801
1041611994439274496
1041612006560804864
1041612017017077761
1041612029298126848
1041612031256748032
1041612054652698624
1041612055156023296
1041612060952453120
1041612068267339776
1041612082121244676
1041612084994351105
1041612089922650113
1041612103948349441
1041612103780425729
1041612107303792640
1041612122747285505
1041612131152486401
1041612131504992257
1041612138484260864
1041612140539535361
1041612142238212096
1041612145803382784
1041612146835054593
1041612156687536128
1041612158264586240
1041612162731393024
1041612167395594241
1041612170587463680
1041612185850585089
1041612189973405696
1041612194461491200
1041612198995550208
1041612198920028160
1041612200274788352
1041612211918172160
1041612228900708354
1041612230809317376
1041612235649343488
1041612243547443200
1041612268398632961
1041612270219014144
1041612274253930497
1041612274392342528
1041612278255284224
1041612287956713474
1041612288610971649
1041612297599426560
1041612301244293121
1041612308747878400
1041612311738417152
1041612318378024960
1041612319002976256
1041612331338293248
1041612334458986496
1041612338976178176
1041612379287638021
1041612382726832128
1041612384094380032
1041612388435460096
1041612392688304128
1041612397318856704
1041612397725736960
1041612410195517441
1041612416885260288
1041612433897357312
1041612434761408513
1041612442533425152
1041612442541805568
1041612448095100929
1041612457725222912
1041612467724529664
1041612472480874497
1041612472463978497
1041612480957444097
1041612481129603072
1041612479946616833
1041612478831046658
1041612497768218625
1041612511802544128
1041612521214554112
1041612529015902208
1041612531981344768
1041612549769244672
1041612554689290242
1041612567158960128
1041612576822644737
1041612577778946049
1041612579389497345
1041612587413250049
1041612593796866048
1041612594245771264
1041612609672245249
1041612617624633344
1041612625782566912
1041612643633524737
1041612647911878661
1041612652441612288
1041612661535002624
1041612662491295744
1041612702232141824
1041612703393996800
1041612707617755136
1041612708414713856
1041612728505446400
1041612734536671232
1041612740161404928
1041612745685258240
1041612749145559040
1041612750567424001
1041612756930232320
1041612776312066048
1041612778132463616
1041612779680096256
1041612782565842946
1041612789968777222
1041612794649559040
1041612802098647040
1041612806888542213
1041612807484133376
1041612811779026944
1041612813846884352
1041612820733980672
1041612826287042560
1041612826459090945
1041612830842269697
1041612837968388096
1041612842410160128
1041612844112990208
1041612862890881024
1041612867475107845
1041612869194997760
1041612871522820098
1041612873515057152
1041612875314409472
1041612884139274240
1041612887834259461
1041612893618417664
1041612895753330688
1041612895342084101
1041612901163958274
1041612908290101248
1041612917391732737
1041612917261656064
1041612936102518784
1041612938056916992
1041612950501564416
1041612950308569089
1041612953894584321
1041612957287940097
1041612968780357642
1041612987952447489
1041612998849298432
1041612999402967040
1041613000002560002
1041613005673254912
1041613010446409728
1041613017262292992
1041613024413536256
1041613033150197760
1041613034500882437
1041613036753235969
1041613050657353728
1041613050887983105
1041613052947451906
1041613062413971456
1041613062472556544
1041613082487873537
1041613085230821376
1041613090805170176
1041613098501722112
1041613103199399937
1041613121721446400
1041613123189448704
1041613134061101056
1041613133960306688
1041613138104410112
1041613140897800192
1041613143099756544
1041613150590840835
1041613154948542465
1041613164025204736
1041613163970682880
1041613178914791424
1041613182786330624
1041613187924348928
1041613187827740673
1041613188113068034
1041613190931668993
1041613192554860544
1041613195692138496
1041613195947991041
1041613197722177537
1041613203032162304
1041613204693106688
1041613205888528384
1041613210854584321
1041613214117769217
1041613223429136385
1041613235621908485
1041613238293684224
1041613244656496640
1041613259076452352
1041613260452233216
1041613266382987264
1041613300386222080
1041613301686255616
1041613322469040129
1041613324226621440
1041613327359606784
1041613333504262145
1041613337870643200
1041613343352676354
1041613343893549056
1041613346104066048
1041613355432198144
1041613359781572613
1041613364219322368
1041613365343387648
1041613368581218310
1041613370590412800
1041613376705585152
1041613385039790080
1041613384540725248
1041613391247405056
1041613398444830720
1041613399392743424
1041613409844948992
1041613416543207431
1041613422062792704
1041613447400550400
1041613463246667777
1041613466027610113
1041613472608542720
1041613481785679872
1041613491726110720
1041613494909591553
1041613498969673728
1041613501217873922
1041613506259419136
1041613509610676224
1041613512139845632
1041613514039808001
1041613516048879618
1041613516837453824
1041613524861177856
1041613530557046784
1041613533505478657
1041613556741861376
1041613563423588352
1041613565466038272
1041613567290564608
1041613571203969024
1041613581597519872
1041613586555068418
1041613587398057985
1041613601885306882
1041613604204761088
1041613604594900992
1041613609867128832
1041613626044379136
1041613634487631872
1041613635381026816
1041613639592148992
1041613647036932096
1041613657241726976
1041613666322247680
1041613680994136064
1041613682881388546
1041613683518889984
1041613688699019266
1041613690603298816
1041613699268706304
1041613705342009344
1041613713432690688
1041613716825882624
1041613717480329216
1041613719602511872
1041613727773147137
1041613744214867974
1041613749659070464
1041613761356881920
1041613769925775360
1041613770668343296
1041613778285035520
1041613786103201792
1041613791606255616
1041613794936418304
1041613794944970752
1041613795959951360
1041613798724042752
1041613800837918720
1041613802880491520
1041613806382841857
1041613810371420160
1041613814314266625
1041613815492870145
1041613824258785280
1041613827274469376
1041613843972141056
1041613857163280384
1041613883633541121
1041613890633834497
1041613895562088448
1041613899961966592
1041613901224267777
1041613907318726656
1041613907918553088
1041613915304542208
1041613916995035136
1041613930194513920
1041613936129241088
1041613937848999936
1041613948246736896
1041613954542260224
1041613955863470082
1041613958329901056
1041613970619023361
1041613981092200449
1041613984741376002
1041613988268785664
1041613994316816384
1041614005385801728
1041614006417543169
1041614013371752449
1041614015531704320
1041614016072757248
1041614017872187394
1041614018526564352
1041614019491115008
1041614025585516544
1041614033990901761
1041614047660003328
1041614055079911424
1041614058393235456
1041614064453992449
1041614070040780800
1041614071563399168
1041614072146321409
1041614075514564608
1041614091410976768
1041614092941905920
1041614104694206464
1041614113359704064
1041614131986661377
1041614136155799554
1041614137879486465
1041614145358053377
1041614147266523136
1041614154337988609
1041614156598849536
1041614158205054976
1041614159639568384
1041614162541993984
1041614165473820672
1041614176471404546
1041614178891390976
1041614183064920064
1041614192153784320
1041614197203894272
1041614205269372928
1041614219278315520
1041614226526281728
1041614226484211713
1041614242623963136
1041614260680384512
1041614261510791168
1041614265734647808
1041614267185852416
1041614274387484673
1041614275372933120
1041614279127035905
1041614283824656385
1041614291307294721
1041614298936631296
1041614301188902912
1041614304263499776
1041614311011938309
1041614312551407621
1041614316288528384
1041614329697714176
1041614337532555265
1041614340728643585
1041614347217330177
1041614348399996928
1041614349071212545
1041614350543405056
1041614352690896896
1041614356805570560
1041614366355804162
1041614377466638337
1041614379865853952
1041614381685960710
1041614392737972224
1041614393077846017
1041614393820241921
1041614395757932545
1041614396773097472
1041614399948173312
1041614405153173505
1041614413063708673
1041614414108078080
1041614442734215168
1041614451005431808
1041614455023566848
1041614461520498688
1041614467648446469
1041614473650421760
1041614484509323264
1041614490217967617
1041614495959986178
1041614498866462721
1041614514955927558
1041614525106085888
1041614527333318656
1041614532005715968
1041614535562452992
1041614537814753281
1041614538217545728
1041614541740814336
1041614553845424129
1041614564750761984
1041614569477693441
1041614582194663424
1041614587643277312
1041614591707406336
1041614592793702400
1041614601736126464
1041614602318929922
1041614606593142784
1041614612838449152
1041614615841394688
1041614622107754497
1041614622506340352
1041614626834841600
1041614634736910336
1041614640512348160
1041614642164850688
1041614662184394752
1041614672753905664
1041614675962675200
1041614688767959042
1041614689044619264
1041614692152733696
1041614703242473472
1041614712549634048
1041614718643916800
1041614729339232256
1041614731021365249
1041614734032683009
1041614750587674624
1041614753204977669
1041614758527594496
1041614761824342016
1041614763946590208
1041614780119883777
1041614787216437248
1041614789837938688
1041614799199719431
1041614808678912002
1041614809886797824
1041614817809715200
1041614820657836032
1041614830141091840
1041614841453002752
1041614843340570624
1041614845752352770
1041614859866071042
1041614864719011840
1041614880216961024
1041614881936551936
1041614896255954944
1041614897522663424
1041614921119744000
1041614932876263424
1041614934025687040
1041614953445126144
1041614960890183680
1041614970511749126
1041614974982926338
1041614982398533632
1041614998877990912
1041615008856268801
1041615020185079808
1041615034022068224
1041615042590990336
1041615043681431552
1041615044855975937
1041615049222086656
1041615053584252928
1041615062346027008
1041615066385268737
1041615084848594944
1041615085788168193
1041615098106863616
1041615107556564992
1041615108164603909
1041615111713181697
1041615117639659520
1041615122857426945
1041615133326434305
1041615148908085250
1041615153597501440
1041615155535249408
1041615158496264192
1041615162220982272
1041615172220022784
1041615179694448645
1041615184811499521
1041615204411432960
1041615205447360512
1041615240268402689
1041615240515870720
1041615242592059393
1041615257897259008
1041615258912206848
1041615258312425474
1041615261525331968
1041615261684649984
1041615248946425856
1041615278554013696
1041615289572573185
1041615292554780673
1041615316072071168
1041615326683774976
1041615328617406464
1041615343658192896
1041615353871253505
1041615362356326400
1041615363547561985
1041615386066804737
1041615404899037184
1041615416316059648
1041615419100954625
1041615419214376960
1041615419818295297
1041615425589657600
1041615425769922560
1041615433961533440
1041615436343902208
1041615439250415616
1041615441477730305
1041615447907479552
1041615451552473088
1041615453230178304
1041615455084064768
1041615456728043520
1041615457977954305
1041615481243750400
1041615482997092352
1041615484037152768
1041615484330758144
1041615488206495745
1041615495777071104
1041615501795811328
1041615515515416576
1041615516991860736
1041615520720551937
1041615509156900864
1041615530786992129
1041615547526344704
1041615548671516672
1041615551347351552
1041615553465446400
1041615562021822464
1041615564756725760
1041615569320128513
1041615570213515265
1041615570255282177
1041615580493561856
1041615582242721792
1041615591864496129
1041615594032750597
1041615597468090368
1041615602660593666
1041615602761138176
1041615618603147265
1041615620272533504
1041615623027998720
1041615629218918400
1041615634780614656
1041615644100308993
1041615656309805056
1041615661653524480
1041615662022582272
1041615664732155904
1041615672009281536
1041615674634788864
1041615676115484672
1041615684424224770
1041615690262732800
1041615691802132480
1041615701755101185
1041615708340342785
1041615710449938433
1041615729362006017
1041615733560467456
1041615742532083712
1041615747540082688
1041615755425599489
1041615756977471488
1041615756008448000
1041615762677538816
1041615787675594753
1041615788447293440
1041615789864837120
1041615790049570816
1041615793174310912
1041615793652486145
1041615797414764546
1041615807887941632
1041615810182168576
1041615809884217345
1041615810379231233
1041615817044099072
1041615817354498048
1041615823364911104
1041615834865496064
1041615836304138240
1041615842763464704
1041615862225166336
1041615865395834880
1041615866130038784
1041615885608337408
1041615886342217729
1041615897994174464
1041615918772572160
1041615919661760514
1041615931145740289
1041615936904683522
1041615948917223424
1041615953203740672
1041615954772467712
1041615960669675520
1041615963538350080
1041615984904163328
1041616006760853504
1041616012230189062
1041616022527266816
1041616028088913920
1041616038096396288
1041616041946767360
1041616049442119682
1041616054877868032
1041616058816311296
1041616063937503235
1041616067427291136
1041616071835480064
1041616076407296000
1041616086964219904
1041616095910785030
1041616107113721856
1041616113552039936
1041616116672548867
1041616116806762496
1041616125061001217
1041616126235426816
1041616138612953088
1041616143880880129
1041616148121432064
1041616158078722048
1041616166723182592
1041616167851327488
1041616182414139393
1041616184745967616
1041616187929649152
1041616196708327424
1041616197987401734
1041616206120267778
1041616206883635205
1041616211237203969
1041616215980957696
1041616224168239104
1041616245731221504
1041616247438405634
1041616246565855232
1041616247350128641
1041616250412130304
1041616252177772549
1041616253134282752
1041616269789679616
1041616280023838720
1041616288391393280
1041616291843530752
1041616296603877376
1041616298713800706
1041616304484962306
1041616318695333888
1041616329013227520
1041616331215388672
1041616337666113537
1041616360944615424
1041616366661525504
1041616377415720962
1041616384420012032
1041616393081241600
1041616395300216833
1041616397812457472
1041616417613856768
1041616421686571014
1041616421992558593
1041616426417700865
1041616436928626688
1041616438757351424
1041616442544730112
1041616455631024129
1041616456704839680
1041616458910982144
1041616460102217728
1041616461096116224
1041616464833376256
1041616469245812737
1041616499176292352
1041616506214219777
1041616518063251456
1041616528372690945
1041616532357316609
1041616532923666432
1041616536765530113
1041616541156929536
1041616542822277120
1041616547712839681
1041616548396523520
1041616551106019328
1041616551978459136
1041616559385600000
1041616573704929280
1041616575672053760
1041616583418736640
1041616587839594496
1041616589399965696
1041616595494350849
1041616596345802752
1041616596949762048
1041616606688763904
1041616611298488320
1041616611503816709
1041616613378863104
1041616617027715073
1041616632181874688
1041616633738002432
1041616636510236672
1041616641639907328
1041616650645237760
1041616651794493440
1041616654495625216
1041616665107152896
1041616666696790016
1041616667938381824
1041616686351364096
1041616688528015361
1041616689073479680
1041616698367979520
1041616702591496192
1041616711403884544
1041616720245542912
1041616721872707585
1041616727417610240
1041616729250701317
1041616737500909568
1041616752608608256
1041616769847312384
1041616770589634560
1041616772758167552
1041616779489898496
1041616784305135616
1041616806924832769
1041616815674159104
1041616821676171269
1041616832505950208
1041616848264028161
1041616856728121344
1041616862134513664
1041616864265293824
1041616867163549696
1041616877800189953
1041616882078367744
1041616908112592896
1041616911430238208
1041616912801845249
1041616912457691136
1041616916530397184
1041616924155637761
1041616945966080000
1041616950533779456
1041616978014887936
1041616978832547840
1041616986692902912
1041616997904134144
1041617015046205440
1041617024798138369
1041617030133235712
1041617031257358336
1041617036877586432
1041617042955071488
1041617052430213120
1041617060374224896
1041617066674057216
1041617071015112704
1041617076681617408
1041617082931191808
1041617097925652480
1041617102841495552
1041617118800896001
1041617121237721088
1041617130330894336
1041617139126464512
1041617144859881472
1041617149666754560
1041617150023098370
1041617157467979776
1041617162014810112
1041617172093657089
1041617182537510913
1041617188497645568
1041617189554597889
1041617190162583554
1041617194566610944
1041617202254897152
1041617220160368640
1041617222949453825
1041617224635744256
1041617227894579200
1041617230419525633
1041617242574675968
1041617243346415617
1041617250610892800
1041617263093178369
1041617270102007808
1041617278561771520
1041617290561634304
1041617296618340353
1041617297453006849
1041617299189456896
1041617299143159808
1041617304705003520
1041617306760237057
1041617307049418753
1041617308140093440
1041617308022538240
1041617311688482816
1041617322400722944
1041617331972038656
1041617340201402368
1041617339869913088
1041617342944485376
1041617343200190465
1041617344106098689
1041617348728422400
1041617356768862208
1041617356663926784
1041617372572995585
1041617374988914688
1041617382354112512
1041617384572764160
1041617386045091840
1041617391485108224
1041617395029303296
1041617399022276608
1041617402201485312
1041617404739108864
1041617414096609281
1041617418815197184
1041617418915786752
1041617420350251008
1041617421059219458
1041617430034964480
1041617441523085312
1041617443934879744
1041617450721263616
1041617458933620736
1041617464025464832
1041617471218696192
1041617474200985600
1041617473911447552
1041617474398179328
1041617480613937152
1041617493859565568
1041617502084706304
1041617502755868672
1041617503145713664
1041617505452679169
1041617520724254722
1041617530916352000
1041617547320127488
1041617555813814272
1041617558783320065
1041617568086155265
1041617577502359552
1041617599002562560
1041617599862394882
1041617610733957120
1041617611270881280
1041617613133103106
1041617617415487488
1041617626407944194
1041617632841986048
1041617635258064897
1041617658079207424
1041617660964990977
1041617660994310145
1041617667705262083
1041617687514935296
1041617691553878016
1041617696872259584
1041617696960462848
1041617701041389568
1041617707420966912
1041617715264401408
1041617718397399040
1041617723527127040
1041617728099049474
1041617729902456832
1041617731739688961
1041617733740322816
1041617744377143297
1041617754980327425
1041617755743641600
1041617758109093889
1041617758595641346
1041617768930570240
1041617769941348353
1041617779810418688
1041617780641095681
1041617782444457984
1041617784206176257
1041617785103757312
1041617787746103296
1041617791319719936
1041617799137845254
1041617802623438849
1041617811863470081
1041617822403776513
1041617822055510016
1041617830557478913
1041617849100451840
1041617849817747456
1041617850190819329
1041617877567041536
1041617879496577025
1041617882625523712
1041617902946988032
1041617905715175424
1041617906260426752
1041617914019946496
1041617914242195456
1041617916419076096
1041617919560568832
1041617925629726720
1041617931677966337
1041617933544374272
1041617937101144064
1041617940477427712
1041617943740637185
1041617950334046208
1041617952725000194
1041617992092708865
1041617994609291265
1041617996815450113
1041618019947032577
1041618022174121984
1041618032240590848
1041618034505461760
1041618036795559936
1041618048367489024
1041618063307825152
1041618065425944576
1041618071369211904
1041618080806387712
1041618083046154241
1041618084002496512
1041618084551950336
1041618085726375936
1041618109776519168
1041618118718701568
1041618119729397760
1041618126985674752
1041618130806759425
1041618133528698880
1041618133616939008
1041618151140741126
1041618152923295744
1041618154063974400
1041618158350725121
1041618160787574784
1041618175354462208
1041618179456487424
1041618185710010373
1041618188528766976
1041618196795727872
1041618197089320960
1041618197391130624
1041618201048768513
1041618208300494851
1041618210347347969
1041618217662377984
1041618233122541568
1041618233634304000
1041618234338734082
1041618244333785088
1041618248469565440
1041618250788990976
1041618263426441217
1041618263430578176
1041618272049946626
1041618274222526464
1041618282095230976
1041618283613618176
1041618290500685826
1041618297324748800
1041618298511740928
1041618299757355008
1041618300893970432
1041618303486251009
1041618318929666048
1041618320787689474
1041618337124560896
1041618339943002113
1041618345001451523
1041618345806757888
1041618350575509504
1041618350676299777
1041618352223870978
1041618367004729344
1041618370578325504
1041618371085721600
1041618373711458305
1041618373505937408
1041618384679395328
1041618388865433605
1041618389318262784
1041618394909306880
1041618399216971776
1041618410633801728
1041618412089356296
1041618422868504576
1041618428799397888
1041618430955143170
1041618431357972480
1041618434507698177
1041618434969219072
1041618453059330048
1041618454975897600
1041618458771894273
1041618460306862081
1041618466053058560
1041618466631901184
1041618468624375808
1041618469282709504
1041618473208688640
1041618502161977344
1041618502912815104
1041618504149917696
1041618518482059264
1041618521300627456
1041618525792563200
1041618530159026176
1041618529919922176
1041618539134832640
1041618544339902464
1041618560785608705
1041618564153843712
1041618565797957632
1041618580566102016
1041618594088595456
1041618597771075584
1041618600312750080
1041618606516305920
1041618606885285889
1041618610861465600
1041618618235211777
1041618618956623872
1041618630402760704
1041618640876003328
1041618642721492992
1041618655912648706
1041618673063026690
1041618673654353921
1041618683423014917
1041618692902010881
1041618698992332800
1041618701143859200
1041618710757167110
1041618712166576129
1041618724095229952
1041618725298855936
1041618727723302913
1041618728339816448
1041618729283534853
1041618736912904194
1041618743263211520
1041618745721016320
1041618745725255682
1041618752641609728
1041618760350744577
1041618765035724800
1041618771092406272
1041618771293683712
1041618774317686784
1041618783213940736
1041618791199907841
1041618792416202752
1041618803703128064
1041618809822633984
1041618827207794688
1041618828000550917
1041618842571759616
1041618844362526720
1041618845750972417
1041618858992390144
1041618859374010368
1041618877405265920
1041618877820620800
1041618880060436480
1041618886351892480
1041618898339196928
1041618905691762689
1041618914508075009
1041618914566795264
1041618935731417090
1041618942966546432
1041618967410999296
1041618973417074689
1041618973949865985
1041618975170420736
1041618985798627330
1041618991104483328
1041619000197824513
1041619005256228866
1041619015867740160
1041619018476662784
1041619027263729664
1041619022171783169
1041619027578249216
1041619034104627200
1041619043009093633
1041619043726319617
1041619048814063617
1041619049875161089
1041619052563587073
1041619059278864389
1041619066920857600
1041619069567414272
1041619072327114753
1041619077742166016
1041619079210131457
1041619084847116290
1041619092493365248
1041619096276742144
1041619096905891842
1041619100638707713
1041619100722577408
1041619104723947520
1041619112328192000
1041619110335930368
1041619113372733440
1041619115096588288
1041619116933697536
1041619127029456896
1041619138341421057
1041619142250455042
1041619158679658496
1041619170008326144
1041619170532646912
1041619192158466051
1041619203055181825
1041619209489408001
1041619217991327744
1041619218830184450
1041619246952972289
1041619255685537792
1041619271497900032
1041619273012129793
1041619283673923584
1041619284974333953
1041619285058023424
1041619297745940480
1041619302267404288
1041619321607221248
1041619327651328000
1041619328154693637
1041619332696989696
1041619334370455552
1041619336761421824
1041619342234976258
1041619343904260101
1041619346437677057
1041619356612874240
1041619364963864576
1041619373604184064
1041619386904268800
1041619398547652609
1041619410950266883
1041619413789822981
1041619419582136320
1041619425017913345
1041619424984199168
1041619425508507650
1041619427639414785
1041619435231096832
1041619443556790272
1041619445343563776
1041619454478745600
1041619465308270592
1041619480609271808
1041619487450005505
1041619496996360192
1041619510858579968
1041619524926095360
1041619525538656257
1041619527942000641
1041619529225232385
1041619529892192257
1041619546136870912
1041619548674437127
1041619550582665216
1041619551794933762
1041619557838974976
1041619558392635393
1041619559252283392
1041619566105948160
1041619568408645632
1041619570161790976
1041619576872738816
1041619588310605824
1041619588172046336
1041619589594050561
1041619591330443264
1041619595403161605
1041619597101809664
1041619604647432192
1041619603267497984
1041619613769846785
1041619615531585536
1041619616831873026
1041619622586286081
1041619623685152770
1041619641813151744
1041619644463738880
1041619654588985344
1041619655700439040
1041619663615143943
1041619669545832448
1041619682502107138
1041619682950766593
1041619702223499264
1041619705147088896
1041619720166887424
1041619725485142016
1041619727255126016
1041619741092274176
1041619749279592448
1041619758200827904
1041619760776011776
1041619762072084480
1041619762743312385
1041619766102745093
1041619770385342465
1041619788152430594
1041619796847206407
1041619794703728645
1041619799250489344
1041619800168910848
1041619811229327361
1041619816233295873
1041619823015460865
1041619824357658625
1041619827134062592
1041619830959480832
1041619831278264320
1041619834537172994
1041619839234785280
1041619843236028416
1041619846797164544
1041619848634281984
1041619853642227712
1041619855835725824
1041619862932652032
1041619865432469509
1041619870129876992
1041619870767493120
1041619885527162880
1041619891617447936
1041619893995560960
1041619900903632896
1041619903701147650
1041619906087641088
1041619906947477504
1041619911569801216
1041619915088703488
1041619917764747264
1041619920373604352
1041619924811051008
1041619927893856256
1041619928212758528
1041619932792975361
1041619936014217216
1041619940590141440
1041619947565338624
1041619950924914689
1041619951629594625
1041619957057024000
1041619962006142976
1041619970612842499
1041619981362814976
1041619996420591617
1041620005316583425
1041620014086934528
1041620019661230080
1041620020986564608
1041620021364043778
1041620021661712384
1041620024337719296
1041620029752524801
1041620031732277251
1041620032101511168
1041620046244659200
1041620047666597888
1041620050573062144
1041620065244798977
1041620069220929536
1041620072362651648
1041620079895609344
1041620095074742272
1041620099495612416
1041620099939987456
1041620100611227648
1041620105011109888
1041620112078499842
1041620128914395136
1041620129988018176
1041620131649073153
1041620138808631296
1041620141329580032
1041620144886345728
1041620145553072130
1041620157221793792
1041620157452279813
1041620171662807040
1041620174670114816
1041620176586727425
1041620186623864832
1041620191912841216
1041620202822070272
1041620204726493184
1041620217523314688
1041620229510574081
1041620232299732994
1041620234958909440
1041620247357284354
1041620258241433600
1041620259143213056
1041620271910871041
1041620272384802816
1041620272791662593
1041620274444025859
1041620280916037632
1041620285970165760
1041620292265750528
1041620295642243073
1041620305838526464
1041620308636168197
1041620309445681152
1041620311341506562
1041620312511733760
1041620322087260162
1041620322389123072
1041620324695994368
1041620327674064897
1041620327770537985
1041620328873639937
1041620339128713216
1041620341276139520
1041620345067896832
1041620365514928129
1041620367003934721
1041620375854043136
1041620377133211648
1041620398398484480
1041620406984036352
1041620409786032128
1041620417708847109
1041620434955984897
1041620436360998913
1041620446167396352
1041620453683392513
1041620453767430144
1041620460516007942
1041620460990029824
1041620461577154560
1041620462776791040
1041620462739054592
1041620464903184385
1041620468409753600
1041620471828148224
1041620474009149440
1041620474768179200
1041620489565683714
1041620490522001408
1041620496461180932
1041620498763972608
1041620499183415296
1041620517659271169
1041620520007921664
1041620541621194752
1041620547413536769
1041620547614986242
1041620547136716802
1041620560801755137
1041620569186291714
1041620571635769345
1041620574764720128
1041620576912068608
1041620578585722880
1041620582100611073
1041620584688439296
1041620585522946048
1041620589180465158
1041620591587934208
1041620593689485312
1041620601084014593
1041620624903483392
1041620627264696322
1041620631660331008
1041620632209973248
1041620637964541953
1041620638081974272
1041620648886362112
1041620650048319488
1041620650484350983
1041620655882559488
1041620657254084608
1041620669220507648
1041620677206396930
1041620677298511872
1041620680498921472
1041620685632823296
1041620687864176640
1041620702896381952
1041620705694109697
1041620708902797312
1041620716410548224
1041620719623462912
1041620719765991425
1041620721783463936
1041620730708983808
1041620737294036992
1041620739223416832
1041620741265940482
1041620741547016192
1041620748576600064
1041620749356883968
1041620749876846592
1041620758072643584
1041620768839348224
1041620773570531329
1041620776150081536
1041620786430271488
1041620788649099264
1041620795418587136
1041620790079180803
1041620809502978049
1041620833393889281
1041620833654001664
1041620837504299008
1041620865098690560
1041620865543073792
1041620865979506688
1041620867271327744
1041620887630274560
1041620903073800192
1041620911412011008
1041620917313527808
1041620927203598336
1041620947797569536
1041621001744703488
1041621002738966528
1041621008212545537
1041621015606943744
1041621023681118208
1041621057176825856
1041621062042058752
1041621066542706688
1041621067939438592
1041621071982669824
1041621073345884161
1041621074075639808
1041621079876423680
1041621082367840256
1041621083546279941
1041621090953519104
1041621092455133186
1041621095496011776
1041621122624569344
1041621126403649537
1041621151787692035
1041621174764138496
1041621178690019328
1041621180430655488
1041621202144509952
1041621202073202690
1041621204833103872
1041621211225182208
1041621213955715072
1041621222491127809
1041621231257243648
1041621242535530496
1041621268389257217
1041621284717776896
1041621288509267968
1041621300421242880
1041621308151406592
1041621308964921344
1041621320008577025
1041621335196106753
1041621335808471040
1041621351566647296
1041621352556322816
1041621360949321728
1041621361075085314
1041621360886263811
1041621363562147840
1041621364312948736
1041621370398900224
1041621376078045184
1041621380121485312
1041621382168305664
1041621394117672961
1041621396047065089
1041621398635130881
1041621402816733184
1041621409707917312
1041621410391703552
1041621415571668992
1041621419258535936
1041621449633615872
1041621455199449089
1041621475227103233
1041621475415908352
1041621482269368327
1041621492407197696
1041621495112327170
1041621503916142593
1041621510740336640
1041621512615157760
1041621514305462272
1041621515211624449
1041621526397837312
1041621534505353216
1041621540478091264
1041621541170012161
1041621547478396928
1041621548531113985
1041621553983700992
1041621556810571777
1041621562703503361
1041621567606857728
1041621577996161024
1041621578507857920
1041621580227510272
1041621587336855552
1041621594320392195
1041621597298327552
1041621600976740357
1041621606529949696
1041621606483648514
1041621606596980736
1041621609306628096
1041621610573135872
1041621617175146498
1041621624569638912
1041621628751233024
1041621632161243136
1041621628973592576
1041621642399625216
1041621652025614336
1041621654688808960
1041621655234072576
1041621655825657857
1041621657641803776
1041621660380618752
1041621664427991040
1041621666831360001
1041621678491492354
1041621679049502721
1041621680064548864
1041621682572681216
1041621683302486016
1041621684497920001
1041621695021441024
1041621699043762176
1041621705217765376
1041621707193118720
1041621715950993409
1041621717414805505
1041621727892131840
1041621747953369088
1041621748079190016
1041621750507876352
1041621755612213248
1041621756388106241
1041621764877385729
1041621776026009600
1041621797161103360
1041621799597793280
1041621802647257093
1041621811488870400
1041621815066603520
1041621822943494144
1041621829570449408
1041621829754925057
1041621832946933760
1041621833940795393
1041621841352302593
1041621848646213632
1041621857894465536
1041621860310495233
1041621860633530368
1041621863057768448
1041621884436180992
1041621896997953536
1041621897589534721
1041621899720237057
1041621900806574080
1041621903427792897
1041621905365594112
1041621923321524224
1041621922931503104
1041621924021821440
1041621930237820929
1041621937896579072
1041621947648401408
1041621949439459328
1041621954040668161
1041621961510674433
1041621965033943040
1041621975456600071
1041621978958974976
1041621984101249025
1041621986424877056
1041621999561334784
1041622003432583168
1041622006763061248
1041622015889817600
1041622015843749888
1041622031328931841
1041622036802547712
1041622041940709377
1041622047321862144
1041622053433102336
1041622055685246977
1041622062920429568
1041622064946393094
1041622070411571202
1041622069824430080
1041622075251863552
1041622079790112768
1041622086928793602
1041622090242318336
1041622090116284416
1041622099503341568
1041622104695697409
1041622112857993216
1041622132088659968
1041622141941104640
1041622150531239937
1041622173398585344
1041622193199767552
1041622199088685057
1041622201705881600
1041622208592965632
1041622211101159424
1041622213961703425
1041622213797920768
1041622219301052416
1041622222572384258
1041622234081579008
1041622242017378304
1041622247927173120
1041622255229272070
1041622262431010816
1041622264213581824
1041622308526292993
1041622313693839360
1041622326490685445
1041622331905343488
1041622343712493569
1041622347571232769
1041622351039934464
1041622361861058561
1041622364696375297
1041622376239128577
1041622378084630528
1041622384090992640
1041622385294811136
1041622389686038528
1041622393645613057
1041622396384362496
1041622400004055040
1041622404081045504
1041622412272390144
1041622416840024065
1041622434993061888
1041622442127417344
1041622447462596609
1041622454160879616
1041622454119157761
1041622456639733760
1041622458778968065
1041622458858532864
1041622462591631360
1041622466878070784
1041622485081448448
1041622487195426817
1041622496594735105
1041622502303313921
1041622515787988993
1041622516454834176
1041622519067947008
1041622522922328075
1041622526877749249
1041622536226783232
1041622547207544832
1041622556141334529
1041622552832090112
1041622558003679233
1041622547295436800
1041622559312293888
1041622559622660096
1041622559849111553
1041622569458196480
1041622579973369856
1041622582536155137
1041622583135756288
1041622588307460096
1041622588236148736
1041622594896756738
1041622599674089472
1041622602488459264
1041622603327315968
1041622606762455042
1041622610977673217
1041622617118011393
1041622621484445696
1041622630552395776
1041622631668174848
1041622635002585088
1041622643194175488
1041622643080880129
1041622643441582080
1041622644255346688
1041622662928195591
1041622665814003712
1041622667969921024
1041622672608829440
1041622678166134784
1041622702069448705
1041622720830558208
1041622721396826112
1041622724882456576
1041622726929207299
1041622729722654721
1041622749712539648
1041622750635417602
1041622752694870017
1041622754930380801
1041622755777683456
1041622793173917696
1041622797015871491
1041622797787619328
1041622804045586432
1041622810584657920
1041622811649892353
1041622812472041473
1041622822286761987
1041622834907365377
1041622837264408581
1041622854532562944
1041622858135429120
1041622861901979648
1041622869120307200
1041622874468040704
1041622877265715200
1041622885465509889
1041622888225206272
1041622889047437313
1041622894047109121
1041622899210117120
1041622899759742977
1041622904599916545
1041622907254923265
1041622912497639424
1041622918466170880
1041622919393226752
1041622924753494016
1041622925378551813
1041622936409407488
1041622938137575424
1041622940205211648
1041622940943433728
1041622944017932289
1041622946152738817
1041622950263177217
1041622954247901184
1041622982882410496
1041622983347847170
1041622989517873153
1041623006798180353
1041623009499512832
1041623012775157761
1041623024661872645
1041623026482196482
1041623030353543168
1041623042399584259
1041623042793857029
1041623046258393088
1041623047869026304
1041623052759588865
1041623066206302208
1041623076817952768
1041623088440455168
1041623097139318784
1041623106551406592
1041623113744572417
1041623119557996544
1041623121231577094
1041623122422591488
1041623153963720704
1041623155218046976
1041623156249841664
1041623163052933120
1041623164109807624
1041623164827181056 
